1.1e-05
1.1e-05
1e-05
6e-06
6e-06
55555555
1.8e-05
1.4e-05
2e-05
1.6e-05
1.9e-05
55555555
0.000101
0.000102
0.000129
9.8e-05
0.000114
55555555
0.001388
0.000999
0.000998
0.001262
0.001008
55555555
0.012205
0.011381
0.012255
0.011125
0.013964
55555555
0.021435
0.021286
0.02121
0.023212
0.024444
55555555
1.2e-05
9e-06
9e-06
6e-06
6e-06
55555555
1.7e-05
8e-06
1.4e-05
2.1e-05
1.5e-05
55555555
3.8e-05
3.9e-05
3.9e-05
4.3e-05
4.2e-05
55555555
0.000428
0.000364
0.000362
0.000445
0.00036
55555555
0.004147
0.004633
0.004321
0.005321
0.005406
55555555
0.010627
0.009025
0.011141
0.010552
0.0112
55555555
