1.2e-05
1.2e-05
1.2e-05
1.2e-05
9e-06
44444444
2.2e-05
3e-05
2.7e-05
1.9e-05
2.8e-05
44444444
0.00026
0.000203
0.000271
0.000281
0.000285
44444444
0.001442
0.00197
0.001363
0.002066
0.002006
44444444
0.014045
0.02044
0.016073
0.014144
0.018488
44444444
0.029164
0.030221
0.028015
0.031609
0.034209
44444444
1.2e-05
1e-05
1e-05
6e-06
6e-06
44444444
4.1e-05
1.2e-05
2.5e-05
8.8e-05
1.4e-05
44444444
0.000194
0.000126
0.000139
0.000125
0.000119
44444444
0.00139
0.00074
0.000902
0.00122
0.000821
44444444
0.010501
0.010957
0.013921
0.01195
0.010377
44444444
0.017799
0.03054
0.015684
0.026427
0.027992
44444444
