1e-06
1e-06
2e-06
1e-06
2e-06
00000000
5e-06
5e-06
8e-06
7e-06
5e-06
00000000
0.000199
0.000261
0.000286
0.000196
0.000197
00000000
0.031649
0.029982
0.026744
0.030553
0.032988
00000000
3.46789
3.73543
3.71718
3.64574
3.33346
00000000
13.5922
13.4633
13.3664
13.3577
13.2511
00000000
3e-06
3e-06
1e-06
2e-06
1e-06
00000000
5e-06
5e-06
1.4e-05
6e-06
6e-06
00000000
0.000224
0.000203
0.000249
0.00047
0.000272
00000000
0.032255
0.030671
0.032633
0.031794
0.027053
00000000
3.38527
3.28424
3.25311
3.25623
3.25348
00000000
12.906
12.8243
12.8353
12.8005
12.8371
00000000
