1e-05
1.6e-05
1.3e-05
8e-06
1.2e-05
33333333
2.7e-05
2.2e-05
2.2e-05
1.6e-05
2.7e-05
33333333
7.2e-05
0.000132
0.000143
6.7e-05
0.000196
33333333
0.000742
0.000758
0.000937
0.001141
0.000996
33333333
0.05583
0.052248
0.063818
0.067108
0.063503
33333333
0.107956
0.112173
0.107132
0.11159
0.132229
33333333
1.5e-05
1.4e-05
9e-06
1.4e-05
1.1e-05
33333333
2e-05
1.6e-05
2.7e-05
2.8e-05
1.6e-05
33333333
0.00019
0.000259
8.8e-05
8.7e-05
0.000167
33333333
0.001564
0.001042
0.001592
0.001624
0.001007
33333333
0.014325
0.01235
0.010875
0.011109
0.010301
33333333
0.027561
0.021918
0.019424
0.030057
0.019932
33333333
