2e-06
1e-06
2e-06
2e-06
3e-06
22222222
6e-06
4e-06
7e-06
4e-06
6e-06
22222222
0.000237
0.000181
0.000205
0.000227
0.000175
22222222
0.025314
0.023825
0.028895
0.027507
0.021816
22222222
3.44236
3.27298
3.21459
3.17626
3.24638
22222222
12.9561
12.907
12.9338
12.9211
12.924
22222222
1e-06
2e-06
2e-06
1e-06
1e-06
22222222
6e-06
6e-06
7e-06
5e-06
7e-06
22222222
0.000145
0.000221
0.000135
0.000135
0.000148
22222222
0.006154
0.005947
0.010497
0.010663
0.009445
22222222
0.698495
0.601475
0.768771
0.583812
0.671227
22222222
2.40134
2.36553
2.3671
2.33706
2.3737
22222222
