2e-06
2e-06
2e-06
2e-06
4e-06
11111111
6e-06
4e-06
5e-06
5e-06
5e-06
11111111
0.000156
0.000132
0.000131
0.000127
0.000134
11111111
0.011253
0.011099
0.011609
0.010819
0.011562
11111111
1.19064
1.11066
1.03221
1.13647
0.964103
11111111
3.52225
3.37942
3.37814
3.40132
3.62422
11111111
4e-06
0
1e-06
2e-06
2e-06
11111111
7e-06
3e-06
3e-06
2e-06
3e-06
11111111
7.5e-05
7.5e-05
6e-05
4e-05
3.9e-05
11111111
0.006953
0.00479
0.005318
0.0034
0.003948
11111111
0.321603
0.448079
0.394147
0.314955
0.336799
11111111
1.51492
1.35247
1.31735
1.32333
1.30721
11111111
